max expected height = 6.45
Residue heights
1:  0.011  0.002  0.004  0.005  0.008  0.003  0.003  0.014  0.005  0.012  0.004  0.003  0.005  0.004  0.008  0.006  0.009  0.015  0.002  0.004  ( 0.130)
2:  0.076  4.378  0.017  0.017  0.017  0.055  0.011  0.029  0.018  0.037  0.011  0.020  0.026  0.014  0.020  0.058  0.044  0.042  0.006  0.014  ( 4.909)
3:  0.009  0.001  0.007  0.011  0.003  0.004  0.004  0.004  0.010  0.010  0.002  0.007  0.002  0.008  0.007  0.015  0.008  0.005  0.001  0.003  ( 0.122)
4:  0.015  0.001  0.008  0.018  0.004  0.006  0.005  0.006  0.015  0.031  0.006  0.008  0.003  0.021  0.008  0.014  0.009  0.007  0.001  0.003  ( 0.190)
5:  0.026  0.002  0.021  0.028  0.003  0.009  0.007  0.005  0.029  0.010  0.005  0.020  0.050  0.023  0.018  0.029  0.017  0.010  0.001  0.004  ( 0.317)
6:  0.010  0.001  0.004  0.008  0.002  0.003  0.002  0.005  0.010  0.007  0.003  0.004  0.007  0.006  0.008  0.006  0.005  0.007  0.000  0.003  ( 0.102)
7:  0.023  0.002  0.052  0.036  0.004  0.009  0.009  0.005  0.027  0.012  0.005  0.018  0.006  0.022  0.018  0.027  0.016  0.014  0.001  0.006  ( 0.311)
8:  0.019  0.001  0.011  0.022  0.003  0.006  0.006  0.004  0.019  0.008  0.003  0.010  0.009  0.017  0.013  0.024  0.018  0.012  0.001  0.003  ( 0.208)
9:  0.060  0.007  0.104  0.078  0.007  1.027  0.015  0.010  0.035  0.016  0.007  0.076  0.019  0.032  0.021  0.058  0.038  0.019  0.002  0.008  ( 1.639)
10:  0.013  0.001  0.010  0.016  0.003  0.006  0.005  0.004  0.015  0.010  0.003  0.010  0.020  0.016  0.011  0.015  0.012  0.008  0.001  0.004  ( 0.182)
11:  0.168  1.718  0.022  0.025  0.017  0.324  0.013  0.030  0.027  0.039  0.017  0.037  0.077  0.023  0.026  0.134  0.096  0.058  0.004  0.013  ( 2.868)
12:  0.018  0.001  0.015  0.024  0.004  0.015  0.007  0.004  0.029  0.008  0.003  0.017  0.004  0.017  0.022  0.023  0.018  0.007  0.001  0.004  ( 0.240)
13:  0.027  0.001  0.014  0.019  0.002  0.020  0.005  0.003  0.017  0.008  0.003  0.013  0.006  0.014  0.011  0.016  0.011  0.006  0.001  0.004  ( 0.201)
14:  0.008  0.001  0.003  0.006  0.004  0.005  0.002  0.004  0.007  0.008  0.003  0.008  0.002  0.005  0.005  0.013  0.006  0.006  0.001  0.006  ( 0.103)
15:  0.009  0.001  0.003  0.009  0.007  0.003  0.003  0.011  0.006  0.011  0.007  0.004  0.002  0.006  0.005  0.009  0.010  0.012  0.001  0.003  ( 0.124)
16:  0.008  0.001  0.006  0.012  0.002  0.004  0.003  0.004  0.012  0.008  0.002  0.007  0.008  0.008  0.010  0.009  0.009  0.006  0.001  0.002  ( 0.123)
17:  0.029  0.003  0.019  0.034  0.006  0.012  0.015  0.010  0.058  0.020  0.013  0.022  0.008  0.031  0.129  0.033  0.022  0.016  0.004  0.008  ( 0.493)
18:  0.019  0.008  0.009  0.009  0.624  0.013  0.053  0.030  0.011  0.072  0.018  0.021  0.010  0.017  0.014  0.023  0.016  0.031  0.884  1.011  ( 2.891)
19:  0.055  0.010  0.010  0.018  0.171  0.020  0.065  0.045  0.020  0.065  0.023  0.016  0.010  0.017  0.024  0.034  0.033  0.054  0.050  0.274  ( 1.014)
20:  0.045  0.008  0.009  0.010  0.923  0.013  0.117  0.031  0.012  0.068  0.018  0.019  0.010  0.017  0.015  0.023  0.018  0.034  0.067  1.024  ( 2.482)
21:  0.035  0.003  0.167  0.060  0.006  0.019  0.017  0.009  0.046  0.019  0.007  0.161  0.012  0.034  0.030  0.059  0.028  0.018  0.002  0.008  ( 0.738)
22:  0.014  0.001  0.006  0.010  0.002  0.005  0.004  0.005  0.013  0.006  0.003  0.007  0.010  0.009  0.008  0.013  0.008  0.006  0.001  0.002  ( 0.134)
23:  0.017  0.002  0.013  0.024  0.005  0.007  0.005  0.005  0.023  0.007  0.003  0.013  0.004  0.017  0.014  0.021  0.018  0.012  0.001  0.004  ( 0.212)
24:  0.020  0.002  0.016  0.024  0.003  0.008  0.007  0.008  0.029  0.011  0.005  0.016  0.005  0.017  0.014  0.032  0.045  0.011  0.001  0.006  ( 0.281)
25:  0.019  0.001  0.016  0.027  0.003  0.030  0.009  0.005  0.037  0.010  0.007  0.021  0.005  0.028  0.025  0.022  0.015  0.007  0.001  0.004  ( 0.291)
26:  0.022  0.001  0.015  0.034  0.003  0.008  0.009  0.006  0.034  0.014  0.005  0.018  0.005  0.031  0.021  0.028  0.028  0.008  0.001  0.004  ( 0.296)
27:  0.076  4.378  0.017  0.017  0.017  0.055  0.011  0.029  0.018  0.037  0.011  0.020  0.026  0.014  0.020  0.058  0.044  0.042  0.006  0.014  ( 4.909)
28:  0.023  0.002  0.016  0.047  0.003  0.008  0.011  0.005  0.032  0.011  0.007  0.019  0.006  0.030  0.025  0.022  0.019  0.015  0.001  0.004  ( 0.305)
29:  0.017  0.001  0.011  0.028  0.002  0.007  0.006  0.005  0.023  0.010  0.007  0.014  0.016  0.023  0.020  0.023  0.019  0.007  0.001  0.004  ( 0.244)
30:  0.032  0.010  0.009  0.012  1.459  0.013  0.034  0.065  0.015  0.196  0.059  0.017  0.011  0.017  0.016  0.025  0.026  0.061  0.030  0.210  ( 2.319)
31:  0.009  0.001  0.004  0.008  0.006  0.003  0.004  0.009  0.010  0.010  0.007  0.005  0.002  0.008  0.005  0.007  0.011  0.012  0.003  0.003  ( 0.128)
32:  0.024  0.009  0.010  0.011  0.409  0.014  0.051  0.034  0.013  0.075  0.020  0.022  0.011  0.018  0.016  0.068  0.020  0.037  0.202  1.754  ( 2.819)
33:  0.016  0.001  0.017  0.023  0.003  0.042  0.006  0.005  0.025  0.009  0.004  0.019  0.005  0.018  0.015  0.026  0.024  0.007  0.001  0.006  ( 0.273)
34:  0.086  0.012  0.044  0.045  0.008  1.083  0.012  0.013  0.031  0.019  0.008  0.036  0.021  0.040  0.023  0.107  0.051  0.026  0.002  0.008  ( 1.677)
35:  0.062  0.284  0.016  0.037  0.033  0.027  0.019  0.065  0.035  0.078  0.033  0.022  0.014  0.025  0.029  0.041  0.049  0.073  0.007  0.029  ( 0.976)
36:  0.018  0.001  0.018  0.025  0.002  0.031  0.008  0.004  0.026  0.011  0.005  0.013  0.004  0.019  0.016  0.017  0.011  0.006  0.001  0.004  ( 0.240)
37:  0.061  0.007  0.059  0.053  0.008  0.551  0.013  0.013  0.039  0.020  0.009  0.034  0.024  0.029  0.038  0.050  0.048  0.022  0.002  0.008  ( 1.088)
38:  0.049  0.004  0.075  0.103  0.008  0.031  0.021  0.014  0.087  0.023  0.010  0.608  0.018  0.067  0.047  0.052  0.068  0.021  0.003  0.011  ( 1.322)
39:  0.028  0.001  0.016  0.032  0.002  0.013  0.006  0.004  0.024  0.011  0.004  0.014  0.006  0.020  0.017  0.021  0.014  0.006  0.001  0.003  ( 0.242)
40:  0.064  0.008  0.100  0.090  0.013  0.048  0.019  0.014  0.049  0.022  0.008  2.043  0.024  0.039  0.032  0.062  0.041  0.023  0.004  0.015  ( 2.717)
41:  0.036  0.003  0.025  0.043  0.006  0.015  0.018  0.013  0.059  0.016  0.010  0.143  0.010  0.035  0.074  0.036  0.028  0.015  0.002  0.008  ( 0.595)
42:  0.023  0.009  0.010  0.011  2.064  0.014  0.050  0.038  0.013  0.090  0.022  0.021  0.011  0.018  0.016  0.024  0.018  0.038  0.046  0.360  ( 2.894)
43:  0.019  0.001  0.012  0.025  0.003  0.007  0.006  0.004  0.017  0.011  0.004  0.010  0.005  0.013  0.010  0.014  0.011  0.006  0.001  0.004  ( 0.181)
44:  0.025  0.002  0.032  0.036  0.004  0.012  0.009  0.008  0.034  0.012  0.006  0.023  0.008  0.023  0.025  0.085  0.074  0.011  0.001  0.007  ( 0.436)
45:  0.011  0.001  0.007  0.020  0.003  0.004  0.004  0.007  0.022  0.017  0.003  0.007  0.004  0.014  0.013  0.011  0.008  0.007  0.001  0.005  ( 0.171)
46:  0.030  0.002  0.031  0.066  0.003  0.010  0.010  0.006  0.039  0.012  0.006  0.023  0.007  0.040  0.020  0.028  0.020  0.011  0.001  0.005  ( 0.372)
47:  0.032  0.002  0.034  0.062  0.003  0.010  0.012  0.007  0.029  0.010  0.007  0.017  0.006  0.034  0.019  0.025  0.022  0.009  0.001  0.007  ( 0.350)
48:  0.076  4.378  0.017  0.017  0.017  0.055  0.011  0.029  0.018  0.037  0.011  0.020  0.026  0.014  0.020  0.058  0.044  0.042  0.006  0.014  ( 4.909)
49:  0.019  0.001  0.013  0.046  0.004  0.007  0.007  0.006  0.029  0.018  0.013  0.016  0.005  0.024  0.019  0.019  0.015  0.009  0.001  0.004  ( 0.276)
50:  0.022  0.001  0.018  0.031  0.003  0.013  0.008  0.005  0.032  0.010  0.005  0.024  0.005  0.024  0.026  0.033  0.017  0.008  0.001  0.004  ( 0.290)
51:  0.019  0.002  0.003  0.006  0.013  0.004  0.003  0.013  0.010  0.014  0.006  0.004  0.002  0.006  0.010  0.012  0.017  0.015  0.001  0.010  ( 0.170)
52:  0.076  4.378  0.017  0.017  0.017  0.055  0.011  0.029  0.018  0.037  0.011  0.020  0.026  0.014  0.020  0.058  0.044  0.042  0.006  0.014  ( 4.909)
53:  0.007  0.001  0.004  0.008  0.002  0.006  0.002  0.003  0.009  0.005  0.003  0.004  0.003  0.006  0.008  0.006  0.005  0.006  0.001  0.001  ( 0.089)
Indel values
1:  0.008  1.858  0.991
2:  0.008  1.858  0.993
3:  0.008  1.858  0.994
4:  0.008  1.858  0.994
5:  0.008  1.858  0.994
6:  0.036  1.516  0.994
7:  0.008  1.858  0.994
8:  0.008  1.858  0.994
9:  0.224  1.432  0.994
10:  0.036  1.521  0.994
11:  0.008  1.858  0.954
12:  0.017  2.058  0.978
13:  0.018  2.572  0.926
14:  0.008  1.858  0.972
15:  0.205  1.907  0.985
16:  0.008  1.858  0.991
17:  0.008  1.858  0.993
18:  0.008  1.858  0.993
19:  0.008  1.858  0.994
20:  0.008  1.858  0.994
21:  0.026  2.374  0.994
22:  0.008  1.858  0.984
23:  0.008  1.858  0.990
24:  0.008  1.858  0.992
25:  0.008  1.858  0.993
26:  0.008  1.858  0.994
27:  0.008  1.858  0.994
28:  0.008  1.858  0.994
29:  0.008  1.858  0.994
30:  0.008  1.858  0.994
31:  0.008  1.858  0.994
32:  0.008  1.858  0.994
33:  0.008  1.858  0.994
34:  0.008  1.858  0.994
35:  0.008  1.858  0.994
36:  0.008  1.858  0.994
37:  0.008  1.858  0.994
38:  0.026  1.900  0.994
39:  0.024  2.700  0.994
40:  0.008  1.858  0.994
41:  0.008  1.858  0.994
42:  0.008  1.858  0.994
43:  0.008  1.858  0.994
44:  0.008  1.858  0.994
45:  0.008  1.858  0.994
46:  0.008  1.858  0.994
47:  0.008  1.858  0.994
48:  0.008  1.858  0.994
49:  0.008  1.858  0.994
50:  0.008  1.858  0.994
51:  0.008  1.858  0.994
52:  0.008  1.858  0.994
53:  0.000  0.000  0.981
